.....X.................X.
........X..............X.
................X.....X..
..........XX.............
...X..X...X.X............
...X......X.X.X.......XX.
X.X..X..X.......X.X......
.........................
.....X........X.....X....
........X..XX............
..........X........XX....
..XX.....X...............
...X....X.......X....X...
...............X.....XX..
....XX........X..........
............XX..X........
....X.....X........X.....
.........................
......X.X.......X..X..X.X
.XX.......X.X.X......X...
............X.X...X..X...
.............XX..........
..X.....X................
.X..............X........
.X.................X.....
5 9
12 11
1 22
11 15
19 15
12 13
23 2
13 9
42
8 7 9 58 16
4 11 5 53 3
2 15 11 44 7
18 23 5 42 5
5 2 8 68 6
12 12 12 60 17
2 3 6 50 4
22 21 6 50 4
0 15 5 71 5
0 3 7 87 13
24 21 7 87 3
12 22 3 71 5
15 21 8 79 7
1 11 12 47 9
10 8 8 16 14
14 16 8 16 14
4 16 8 97 6
20 8 8 97 6
11 1 10 7 6
13 23 10 7 6
1 13 7 46 4
15 19 4 53 9
0 0 12 36 15
20 13 5 36 3
4 18 11 72 4
15 4 5 80 6
19 5 6 90 5
2 8 10 5 10
22 16 10 5 10
2 20 10 1 13
22 4 10 1 13
9 19 3 78 10
21 1 9 75 8
7 2 3 25 16
17 22 3 25 16
24 14 5 96 22
11 13 4 16 3
13 11 4 16 3
4 0 5 71 7
20 6 5 63 9
1 1 9 20 11
23 23 9 20 11
