............X............
............X............
..X.X...X...X...X...X.X..
.X...X......X......X...X.
......X.....X.....X......
...........X.X...........
...........X.X...........
...X..X...X.X.X...X..X...
...........X.X...........
...X......X.X.X......X...
X.........X.X.X.........X
..........X...X..........
..X........X.X........X..
.......X...X.X...X.......
..X...X....X.X....X...X..
X..........X.X..........X
............X............
..X........X.X........X..
........X..X.X..X........
............X............
....X......X.X......X....
.X.....X...X.X...X.....X.
..X.........X.........X..
......X....X.X....X......
..........X...X..........
7 7
15 1
7 17
15 23
12 6
14 9
12 18
14 15
44
18 15 12 0 8
18 9 12 0 8
13 15 4 10 5
13 9 4 10 5
6 10 5 11 9
6 14 5 11 9
15 10 7 12 7
15 14 7 12 7
15 1 11 15 12
15 23 11 15 12
10 19 11 20 7
2 3 11 24 11
2 18 7 26 12
8 10 6 26 11
21 22 10 31 6
13 18 5 34 9
5 6 4 34 7
0 14 7 35 12
8 7 12 37 8
15 18 8 42 9
10 6 5 45 8
24 2 5 48 7
13 23 6 53 5
16 14 8 55 7
15 5 7 56 5
21 8 4 59 3
10 3 9 67 10
11 0 4 68 12
15 19 5 68 6
24 24 4 70 11
21 12 12 71 10
6 15 5 71 12
1 10 4 72 15
23 20 5 73 11
18 10 7 75 13
7 4 6 79 14
5 22 10 80 13
14 19 9 83 12
17 20 8 89 9
15 6 5 92 12
15 7 3 90 15
12 17 10 97 10
22 13 10 97 12
7 16 5 97 7
