.........................
.X.....................X.
.X.....X...X.X...X.....X.
.X....X.X..X.X..X.X....X.
.XX........X.X........XX.
.........................
..X....XX.......XX....X..
.X..........X..........X.
........X.......X........
.........X.....X.........
...X.....XX...XX.....X...
...XX...............XX...
...X.................X...
.........................
.........XX...XX.........
X.........X...X.........X
X....XX...........XX....X
.X.....................X.
.XX.......X...X.......XX.
..X........X.X........X..
.....X.............X.....
.....X.............X.....
.......XX.......XX.......
.....X.............X.....
.........................
3 2
10 1
12 1
16 1
3 22
10 23
12 23
16 23
50
7 7 3 0 12
7 17 3 0 12
11 5 4 0 15
11 19 4 0 15
12 12 8 0 20
23 8 4 0 10
23 16 4 0 10
18 5 5 11 22
18 19 5 11 22
15 9 2 12 18
15 15 2 12 18
19 9 4 16 22
19 15 4 16 22
20 1 2 20 10
20 23 2 20 10
9 8 2 25 50
9 16 2 25 50
18 9 8 28 13
18 15 8 28 13
3 9 5 28 25
3 15 5 28 25
11 8 5 30 20
11 16 5 30 20
18 12 7 33 20
20 11 8 38 23
20 13 8 38 23
9 12 10 45 25
13 6 6 47 15
13 18 6 47 15
7 10 5 49 10
7 14 5 49 10
3 12 4 50 25
12 4 2 60 25
12 20 2 60 25
10 12 4 62 17
5 12 7 65 13
15 7 8 67 20
15 17 8 67 30
11 12 7 67 30
22 1 3 72 25
22 23 3 72 25
15 12 6 78 20
12 8 5 80 19
12 16 5 80 19
16 10 5 82 16
16 14 5 82 16
14 12 9 90 10
19 5 3 92 10
19 19 3 92 10
24 12 10 99 15
