.........................
..X...................X..
.........................
..........XX.XX..........
........XX.....XX........
.........................
......X...........X......
...X..XX..X...X..XX..X...
.........................
.....X..X.......X..X.....
X.......X.XX.XX.X.......X
X..X...X...X.X...X...X..X
............X............
.....X...X.....X...X.....
........X...X...X........
........X.......X........
...X.................X...
.........................
X...X...............X...X
........XXX...XXX........
X..X........X........X..X
.XX...................XX.
..X...................X..
......X....X.X....X......
......X...........X......
17 0
6 3
3 9
24 7
17 24
6 21
3 15
24 17
56
8 6 7 0 20
8 18 7 0 20
13 3 6 2 20
13 21 6 2 20
16 1 6 6 22
16 23 6 6 22
15 7 5 8 11
15 17 5 8 11
5 7 12 12 22
5 17 12 12 22
20 8 6 16 22
20 16 6 16 22
1 23 7 18 10
1 1 7 18 10
10 3 6 21 13
10 21 6 21 13
8 8 11 25 24
8 16 11 25 24
13 7 6 26 10
13 17 6 26 10
12 8 12 30 15
12 16 12 30 15
11 12 1 35 3
10 4 11 38 12
9 13 11 38 12
19 1 3 38 13
19 23 3 38 13
13 10 9 41 19
22 18 5 41 19
19 12 7 43 18
17 4 7 44 10
14 19 7 44 10
12 7 6 50 15
12 17 6 50 15
15 9 9 50 7
15 15 9 50 7
9 3 8 59 8
9 21 8 59 8
1 5 4 60 9
1 19 4 60 9
9 6 8 65 12
9 18 8 65 12
14 11 9 67 12
14 13 9 67 12
2 9 4 69 21
2 15 4 69 21
16 4 6 74 21
16 20 6 74 21
8 15 3 80 20
11 15 4 80 13
13 6 6 81 15
13 18 6 81 15
22 8 4 89 8
22 16 4 89 8
7 4 10 89 11
7 20 10 89 11
