.........................
.........................
..X.......X...X.......X..
..........X.X.X..........
.....X.X.........X.X.....
....X...X.......X...X....
........X.......X........
...X...XX.......XX...X...
.........X.....X.........
.X.X...X.X.....X.X...X.X.
.........................
..X...................X..
.....X.............X.....
.....X.............X.....
....X...............X....
XX...XX...........XX...XX
......X...X...X...X......
.........................
.........X.....X.........
............X............
.........................
.........................
.X......X.X...X.X......X.
X...X......X.X......X...X
.X....XX..X.X.X..XX....X.
8 5
18 0
24 2
19 5
8 19
18 24
24 22
19 19
63
23 12 1 0 7
3 11 3 0 9
3 13 3 0 9
13 3 5 0 11
13 21 5 0 11
4 2 7 5 6
4 22 7 5 6
11 11 3 8 8
12 12 3 8 8
13 13 3 8 8
19 3 5 10 10
19 21 5 10 10
4 6 8 12 14
4 18 8 12 14
18 4 10 18 20
18 20 10 18 20
1 5 6 23 20
1 19 6 23 20
8 0 12 23 8
8 24 12 23 8
6 2 3 23 8
6 22 3 23 8
13 9 10 26 21
13 15 10 26 21
14 2 11 27 25
14 22 11 27 25
16 2 9 32 19
16 22 9 32 19
5 7 7 33 14
5 17 7 33 14
20 2 4 41 19
20 22 4 41 19
19 2 9 44 14
19 22 9 44 14
18 10 11 47 5
18 14 11 47 5
23 7 12 48 13
23 17 12 48 13
2 4 9 52 13
2 20 9 52 13
20 3 3 54 20
20 21 3 54 20
21 5 10 56 7
21 19 10 56 7
12 3 11 58 19
12 21 11 58 19
10 2 10 60 7
10 22 10 60 7
21 9 7 60 19
21 15 7 60 19
2 5 7 66 9
2 19 7 66 9
4 8 2 69 14
4 16 2 69 14
1 6 6 70 10
1 18 6 70 10
15 9 11 72 24
15 15 11 72 24
6 10 9 73 23
6 14 9 73 23
16 3 3 85 10
16 21 3 85 10
1 12 7 89 25