.........................
.........................
.........................
.......XXX.X.X.XXX.......
........X..X.X.X.........
........X..XXX.XX........
........X..X.X.X.........
........X..X.X.XXX.......
.........................
.........................
.........................
.....XXX.XXX.XX.XX.XXX...
....X....X.X.X.X.X.X.....
....X.XX.XXX.X.X.X.XX....
....X..X.X.X.X...X.X.....
....XXX..X.X.X...X.XXX...
.........................
.........................
.........................
.........................
.........................
.........................
.........................
.........................
.........................
0 0
0 1
0 2
0 3
24 24
24 23
24 22
24 21
42
2 16 -6 58 21
22 16 -6 58 21
4 7 -10 86 12
20 7 -10 86 12
1 2 -3 27 24
23 2 -3 27 24
0 3 -4 49 16
24 3 -4 49 16
12 8 -8 86 21
0 20 -9 29 15
24 20 -9 29 15
11 8 -3 19 3
13 8 -3 19 3
5 14 -3 22 8
19 14 -3 22 8
9 20 -5 69 4
15 22 -5 69 4
12 18 -6 38 8
3 4 -11 88 25
21 4 -11 88 25
4 10 -7 81 10
20 10 -7 81 10
7 9 -10 7 11
17 9 -10 7 11
11 2 -4 55 9
13 2 -4 55 9
6 17 -4 82 21
18 17 -4 82 21
2 12 -5 64 7
22 12 -5 64 7
1 12 -8 27 20
23 12 -8 27 20
4 6 -6 39 22
20 6 -6 39 22
2 11 -7 69 21
22 11 -7 69 21
0 2 -4 87 18
24 2 -4 87 18
9 24 -9 82 24
15 24 -9 82 24
3 6 -3 68 25
3 18 -3 68 25
